1_O2'_2_C4'  1 5.775 0
1_O4_2_N4  1 9.380 0
1_N3_2_N4  2 4.978 1 9.431 0
1_N3_2_O2  1 10.074 0 14.807 2
1_O4_2_O2  1 10.503 0 16.101 2
1_C4'_2_C4'  0 6.674 1
1_O2'_2_O2  1 7.003 0
1_C4'_3_N4  1 5.998 0
1_O2'_3_N4  1 4.743 0
1_O2'_4_N4  1 6.434 0
1_C4'_4_N4  1 8.358 0
1_O2'_5_N6  1 8.618 0
1_N3_20_C4'  1 10.513 0
1_C4'_24_O6  2 7.976 0 12.817 1
1_O4_25_O6  0 7.634 1 17.090 2
1_O2'_25_O2'  0 9.539 1
1_N3_25_O6  0 6.971 1
1_O2'_25_N2  0 6.786 1
1_C4'_25_N2  0 7.497 1
1_N3_25_N2  0 9.571 1
1_C4'_25_O6  2 6.234 0 10.047 1
1_N3_25_O2'  0 9.192 1
1_O4_25_N2  0 9.476 1
1_N3_25_C4'  0 8.572 1
1_O2'_26_O2'  1 8.953 0
1_N3_26_N2  1 9.336 2 15.235 0
1_O2'_26_N2  1 11.035 0
1_C4'_26_O6  1 6.823 0
1_C4'_26_O2'  1 6.441 0
1_O4_26_N2  1 10.468 2 17.433 0
1_O2'_26_O6  2 6.260 1 8.704 0
1_C4'_26_N2  1 11.231 0
1_C4'_26_C4'  0 9.973 1
1_O4_26_O6  1 15.023 0
1_N3_26_O2'  1 13.006 0
1_O4_27_N2  0 27.604 1
1_N3_61_O2  0 29.622 1
1_O4_61_O2  0 30.998 1
1_N3_61_O2'  0 31.978 1
2_O2'_3_C4'  1 5.188 0
2_O2_3_N4  1 7.316 0
2_N4_3_N4  2 5.087 1 8.742 3 11.306 0
2_C4'_3_C4'  2 4.649 0 5.859 1
2_N4_24_O6  2 6.692 1 13.255 0
2_C4'_25_N2  0 6.754 1
2_O2_25_N2  1 4.191 2 7.924 0
2_O2'_25_N2  1 6.580 0
2_O2_25_O6  1 4.712 3 6.644 2 11.659 0
2_N4_25_O6  2 4.298 1 7.805 3 10.925 0
2_N4_25_N2  1 6.563 2 8.567 0
2_N4_26_C4'  0 8.053 1
2_C4'_26_O2'  1 5.901 0
2_O2_26_N2  1 7.350 0
2_C4'_26_N2  1 6.147 2 10.266 0
2_O2'_26_N2  1 6.898 2 9.334 0
2_N4_26_O2'  0 8.591 1
2_N4_26_O6  0 12.928 1
2_N4_26_N2  0 10.942 2 14.731 1
3_C4'_26_C4'  0 6.895 1
3_O2'_26_C4'  0 8.720 1
3_C4'_26_N2  2 6.345 1 9.807 0
3_O2'_28_N4  1 8.100 0
3_C4'_28_N4  1 8.674 0
4_O2_22_N6  0 6.845 1
5_O2'_6_C4'  1 5.896 0
5_O2'_21_N6  0 5.303 2 7.104 1
5_N1_21_C4'  2 5.253 0 6.433 1
5_O2'_21_N1  0 7.116 2 8.501 1
5_O2'_22_N1  0 4.896 1
5_O2'_22_N6  0 4.531 1
5_N1_22_N6  1 4.230 0
5_N6_22_N6  1 5.830 0
5_N1_22_N1  1 6.106 0
5_N6_23_O6  1 4.196 0
5_C4'_52_O2'  0 5.339 1
6_O2'_7_C4'  0 5.534 1
6_C4'_7_N3  1 6.082 0
6_C4'_7_O4  1 6.203 0
6_O2'_7_O4  1 6.823 0
6_C4'_7_C4'  1 5.750 0
6_O2'_14_N4  0 8.478 1 14.344 2
6_N2_21_N6  0 6.588 1
6_N2_21_N1  0 6.231 2 7.767 1
6_N2_22_N1  0 5.149 1
6_N2_22_N6  0 6.512 1
6_O6_37_N6  0 4.970 1
6_O6_37_N1  0 6.088 1
6_O2'_37_N1  0 5.530 1 8.987 2
6_N2_37_N1  0 5.882 1
6_N2_37_N6  0 9.292 1
6_N2_37_O2'  0 7.476 1
6_O2'_38_O2  0 6.909 1 12.784 2
6_O2'_38_O2'  0 8.403 1 14.364 2
6_O2'_47_N2  0 10.247 1
6_O2'_48_N2  0 6.992 1
6_O6_48_O6  0 5.485 1
6_O2'_48_O2'  1 5.367 0
6_N2_48_N2  1 6.006 0
6_C4'_48_O2'  1 6.952 0 11.191 2
6_O2'_49_N3  0 6.766 1 9.019 2
6_O2'_49_O4  0 5.779 1
6_C4'_49_N3  0 5.903 1 10.093 2
6_C4'_49_O2'  0 6.782 1 9.961 2
6_O2'_49_O2'  0 7.436 1 9.418 2
6_O6_49_O2'  2 5.110 0 8.167 1
6_O2'_49_C4'  1 5.939 0
6_C4'_49_C4'  1 6.038 0
6_O6_49_N3  1 8.339 0
6_O6_49_O4  1 5.677 0
7_O4_8_N4  0 9.033 1
7_O2'_8_C4'  0 5.813 1
7_O4_8_O2  0 10.735 1
7_N3_8_O2  0 9.363 1
7_N3_8_N4  0 8.362 1
7_O2'_9_N4  1 5.954 0
7_O2'_10_N6  1 8.545 0
7_O2'_14_O2  2 5.613 1 11.940 0 19.630 3
7_N3_14_O2  1 7.529 2 14.353 0
7_N3_14_N4  1 6.942 0 18.348 2
7_O4_14_C4'  2 8.905 1 15.998 0
7_O4_14_N4  1 7.389 0
7_O4_14_O2  1 8.389 2 15.019 0
7_N3_14_C4'  2 9.072 1 15.832 0
7_C4'_14_N4  0 16.190 1
7_O2'_17_O4  1 9.145 0
7_O2'_18_O6  1 7.458 0
7_O2'_19_N1  1 7.470 0
7_C4'_19_N1  1 7.442 0
7_N3_19_N6  1 6.026 0
7_O4_19_N1  0 7.047 1
7_O2'_19_N6  1 8.398 0
7_O4_20_N2  0 6.932 1
7_N3_20_N2  0 5.894 1
7_C4'_20_N2  1 5.410 0
7_O2'_20_N2  1 7.228 0
7_O4_20_O2'  0 10.668 1
7_N3_21_N1  0 7.902 1
7_O4_21_N6  0 8.387 1
7_O4_21_N1  0 9.018 1
7_N3_21_N6  0 7.697 1
7_C4'_21_N6  1 5.506 2 6.733 0
7_C4'_22_N1  1 7.343 0
7_N3_37_O2'  0 7.620 1 12.589 2
7_O2'_37_O2'  0 7.646 2 10.858 1
7_C4'_37_O2'  0 8.128 1
7_O2'_38_C4'  0 8.198 2 13.821 1
7_C4'_38_O2'  0 8.805 1
7_O2'_38_O2'  0 10.540 1
7_C4'_38_C4'  0 7.031 2 11.142 1
7_O4_48_O2'  1 10.755 0
7_C4'_49_O4  0 13.474 1
7_O4_49_C4'  2 5.762 1 12.828 0
7_C4'_49_N3  0 11.703 1
8_N4_9_N4  0 4.145 1
8_N4_9_O2  1 4.525 0
8_N4_18_N2  1 5.887 0
8_N4_19_N1  0 4.309 1
8_N4_19_N6  0 6.062 1
8_N4_19_O2'  1 5.440 0
8_O2_19_N1  0 7.867 1
8_N4_20_N2  0 4.637 1
8_N4_20_C4'  1 6.045 0
8_N4_20_O2'  1 6.129 0
8_O2_20_O2'  1 5.750 0
8_C4'_21_N6  1 7.013 0
8_O2'_21_N6  1 7.950 0
8_C4'_21_N1  1 7.171 0
9_N4_14_O2  2 7.229 1 12.715 0
9_N4_19_N6  0 5.930 1
9_O2_19_N1  0 6.080 1
9_O2_19_O2'  1 5.176 0
10_N1_13_O2'  3 5.506 2 7.726 1 11.981 0
10_N6_14_O2  1 8.011 0
11_O2'_12_C4'  0 4.952 1
11_N4_12_N4  0 9.550 1
11_O2_12_O2  0 8.681 1
11_O2_12_N4  0 9.405 1
11_O2_13_C4'  1 6.604 0
11_C4'_13_C4'  2 6.810 1 10.805 0
11_O2_13_O2'  2 5.238 1 8.962 0
11_O2'_13_C4'  2 6.922 1 9.038 0
11_O2_14_N4  2 7.367 1 11.613 0
11_O2'_14_N4  2 9.811 1 15.646 0
11_N4_14_N4  1 10.987 0
11_N4_15_O6  0 8.686 1
11_O2_17_O4  1 5.927 0
12_N4_13_O6  0 10.230 1
12_O2'_13_C4'  0 5.284 1
12_O2_13_N2  1 5.061 0 9.137 2
12_O2'_13_N2  1 6.469 0
12_O2_13_C4'  0 6.554 1 8.782 2
12_N4_13_O2'  1 6.617 0 11.579 2
12_O2_13_O6  0 8.654 1
12_N4_13_N2  0 10.512 1
12_C4'_13_O2'  1 6.668 0
12_N4_14_N4  2 7.719 1 11.876 0
12_C4'_14_N4  1 16.188 0
12_O2_15_N2  0 12.468 1
12_N4_15_O6  0 14.733 1
12_O2_15_O6  0 14.407 1
12_N4_15_N2  0 15.142 1
12_O2_16_N2  0 7.603 1
12_N4_16_O6  0 10.680 1
12_N4_16_N2  0 9.572 1
12_O2_16_O6  0 10.813 1
12_O2'_16_N2  0 7.727 1
13_N2_14_O2  2 3.803 1 7.601 0
13_O6_14_N4  2 7.909 1 12.953 0
13_N2_14_N4  1 8.649 0 17.687 2
13_N2_14_O2'  2 6.861 0 13.263 1
13_O6_14_O2  2 6.490 0 13.463 1
13_O6_15_O6  0 13.400 1
13_N2_15_N2  0 11.025 1
13_N2_15_O6  0 5.340 1 13.279 2
13_O6_15_N2  1 5.440 0 14.246 2
13_O2'_15_N2  0 7.515 1 12.320 2
13_C4'_15_N2  0 8.017 1 13.175 2
13_O6_15_O2'  1 9.373 0 13.358 2
13_O2'_15_O6  0 15.530 1
13_N2_16_O2'  1 6.339 0
13_N2_16_N2  2 4.967 1 8.174 0
13_C4'_16_N2  2 5.156 3 6.563 0 9.221 1
13_O2'_16_N2  2 6.457 1 8.694 0
13_O2'_17_O2'  2 3.448 1 8.872 0
13_N2_17_C4'  1 8.367 0
13_O2'_17_N3  2 7.985 1 11.681 0
13_O6_17_C4'  2 5.656 1 10.207 0
13_O6_17_O2'  1 11.552 0
13_N2_17_O2'  1 10.090 0
13_O2'_18_C4'  2 10.559 1 16.556 0
13_O2'_18_O2'  2 10.525 1 17.111 0
14_O2'_15_O6  2 6.357 1 9.646 0
14_N4_15_O6  2 6.498 1 10.154 0
14_O2'_15_O2'  1 8.395 0
14_O2_15_O6  1 8.020 2 11.214 0
14_O2_16_O6  1 6.497 0 12.138 2
14_O2'_16_O6  0 7.834 2 10.592 1
14_N4_16_N2  2 5.926 1 13.078 0
14_N4_16_O2'  1 10.128 2 14.655 0
14_N4_16_C4'  1 7.806 2 13.472 0
14_O2'_16_C4'  2 5.787 1 9.167 0
14_O2'_16_O2'  2 7.381 1 10.916 0
14_O2_16_N2  0 9.774 3 12.560 2 16.274 1
14_C4'_16_C4'  3 5.476 0 9.574 2 11.127 1
14_O2_16_C4'  1 11.488 0
14_N4_16_O6  1 9.658 0
14_O2_16_O2'  1 10.309 2 13.122 0
14_O2_17_O4  1 5.872 2 7.836 0
14_N4_17_O4  1 6.243 2 12.039 0
14_O2_18_O6  1 7.139 0
14_N4_19_N6  1 7.253 0
14_N4_38_O2  0 13.310 1 22.657 2
14_N4_38_O2'  0 16.217 1
14_O2_38_O2  3 5.765 0 13.742 1 19.702 2
14_N4_39_O2'  0 14.171 1 22.786 2
14_N4_39_C4'  0 13.529 1 22.541 2
14_N4_47_N2  3 5.100 0 11.874 1 18.698 2
14_N4_47_O2'  4 3.926 3 7.021 0 13.263 1 20.840 2
14_O2_47_N2  2 5.183 0 17.717 1
14_O2_48_O2'  0 5.153 1 7.169 2 9.147 3 13.445 4
14_C4'_48_O2'  1 6.111 0 10.239 2
14_N4_48_O2'  0 7.852 1 14.575 2
14_O2'_48_O2'  0 12.425 1
14_N4_48_C4'  0 9.809 2 12.285 3 17.284 1
14_O2_48_C4'  1 7.075 2 8.898 0 17.337 3
14_N4_48_N2  0 9.839 1 16.246 2
14_N4_49_O4  0 12.330 2 17.215 1
14_N4_49_N3  0 7.411 3 12.406 1 16.282 2
14_C4'_49_C4'  0 7.369 1 9.123 3 10.735 2
14_O2_49_N3  0 8.446 2 10.866 3 13.285 1 18.624 4
14_O2_49_C4'  0 5.936 1 8.678 2 11.014 3 14.005 4
14_O2'_49_C4'  0 8.834 1
14_O2_49_O4  1 5.206 0 11.949 2 17.018 3 20.025 4
14_O2'_49_N3  2 5.949 0 10.244 1 16.306 3 18.995 4
14_O2'_49_O4  2 6.377 0 11.620 1 16.951 3 19.947 4
14_C4'_49_N3  0 9.638 1 13.530 2 15.983 3
14_C4'_49_O4  0 10.948 1 13.951 2 17.133 3
15_O6_16_O6  0 7.827 1
15_O2'_16_C4'  0 5.453 1
15_N2_16_N2  0 9.234 1
15_N2_16_O2'  0 9.809 1
15_N2_16_C4'  0 8.805 1
15_N2_16_O6  0 7.458 1
15_O6_48_O2'  2 9.087 0 15.484 1 18.705 3
15_O6_48_C4'  3 10.389 2 14.128 0 17.916 1
15_N2_48_O2'  2 10.998 0 17.808 1
15_N2_49_O4  2 8.659 0 19.852 1
15_N2_49_N3  4 8.466 1 14.896 0 18.808 2 22.291 3
15_O2'_49_C4'  2 6.107 1 11.353 0
15_O2'_49_O2'  2 9.014 1 13.376 0
15_O6_49_C4'  2 9.058 1 13.267 0
15_O6_49_O4  2 8.949 0 17.892 1 21.511 3 24.664 4
18_O6_19_N6  0 4.062 1
18_N2_19_N1  0 6.102 1
18_N2_19_C4'  1 5.108 0
20_N2_21_N6  0 4.319 1
20_N2_21_N1  0 5.827 1
20_N2_22_N6  1 4.714 0
20_O2'_22_N6  1 5.755 0
20_N2_22_N1  1 5.176 0
20_O2'_22_N1  1 7.283 0
21_N6_22_N6  0 4.663 1
21_N1_22_N6  0 5.430 1
21_N1_37_O2'  0 7.448 1
21_N1_37_C4'  0 6.065 1
21_N6_37_O2'  1 3.951 0
21_N6_37_C4'  1 4.819 0
21_N6_50_N6  0 8.561 1
22_N6_23_N2  0 5.906 1
22_N6_23_O6  0 5.704 1
22_N1_23_N2  0 6.907 1
22_N1_35_N1  0 7.366 1
22_N6_35_N1  0 7.888 1
22_N1_36_O2  0 5.266 1
22_N1_36_O2'  0 5.414 1 7.281 2
22_N6_36_O2  0 6.950 1
22_N1_37_O2'  0 7.214 1
22_N1_50_N6  0 6.692 1
22_N6_50_N6  0 7.047 1
25_O2'_26_O6  2 5.768 1 9.710 0
25_O2'_26_N2  2 6.273 1 10.875 0
25_N2_26_C4'  2 5.458 0 10.751 1
25_C4'_26_O6  2 6.449 1 12.415 0
25_N2_26_N2  1 10.399 0
25_O6_26_N2  2 8.099 1 14.151 0
25_O6_26_O6  2 8.533 1 14.995 0
25_N2_26_O6  2 6.585 1 11.321 0
25_N2_26_O2'  1 7.364 2 9.717 0 12.819 3
26_O6_27_O6  0 6.538 2 11.364 1
26_O2'_27_C4'  0 5.420 1 6.780 2
26_N2_27_N2  0 8.721 1 16.714 2
26_N2_27_O2'  0 8.523 1
26_N2_27_O6  0 8.165 1 13.311 2
26_N2_27_C4'  0 7.371 1 10.587 2
26_C4'_28_N4  1 7.102 0
26_N2_54_C4'  2 6.669 1 12.835 0
26_O6_54_C4'  2 6.840 1 10.847 0
26_O6_55_C4'  3 6.063 2 9.196 1 12.587 0
26_O6_60_N4  0 6.811 1 10.140 3 12.825 2 16.267 4
26_O6_61_N4  0 5.443 1
26_N2_61_O2  0 8.623 1
26_O6_61_O2  0 7.931 1
26_N2_61_N4  0 7.920 1
27_O6_28_N4  0 4.850 1
27_N2_28_O2  0 5.272 1
27_N2_28_N4  0 7.876 1
27_O6_28_O2  1 4.413 0
27_O6_28_O2'  1 6.675 0
27_N2_59_O6  1 4.814 0
27_O6_60_N4  0 4.368 1
27_N2_60_O2'  1 4.695 0
27_N2_60_N4  0 6.493 1
27_N2_61_O2  0 6.078 1
27_N2_61_C4'  0 8.849 1
27_N2_61_O2'  0 8.151 1
28_O2'_29_C4'  0 5.474 1
28_N4_29_N6  0 8.190 1
28_N4_29_N1  0 9.932 1
28_O2_29_N1  0 9.115 1
28_O2_29_N6  0 7.519 1
28_O2_29_C4'  0 8.822 1
28_N4_58_O4  0 7.480 1
28_O2_58_N3  1 6.431 0
28_O2_59_N2  0 4.618 1
28_N4_59_O6  0 4.167 1
28_O2'_59_O6  1 5.562 0
28_C4'_59_O6  1 6.905 0
28_N4_59_N2  0 8.446 1
28_O2_60_O2  0 5.446 1
28_N4_60_N4  0 6.747 1
28_N4_60_O2  0 7.691 1
29_N1_30_O6  0 5.412 1
29_N1_30_O2'  1 5.921 0
29_N6_57_N4  1 5.972 2 7.730 3 9.124 0
29_N6_58_N3  0 4.595 1
29_N1_58_O4  0 5.420 1
29_N1_58_N3  0 4.098 1
29_N6_58_O4  0 4.563 1
29_N6_58_O2'  1 4.739 0
29_N1_58_O2'  1 5.815 0
29_N6_59_O6  0 4.695 1
29_N1_59_O6  0 5.254 1
29_N1_59_N2  0 5.536 1
29_N1_59_C4'  1 5.978 0
29_N1_59_O2'  1 6.052 0
29_N6_59_C4'  1 6.399 0
30_N2_57_O2  0 4.681 1
30_O6_57_N4  0 4.275 2 7.206 1
30_N2_57_O2'  1 3.753 0
30_O6_57_O2  1 3.909 2 4.409 0
30_N2_57_N4  0 6.378 3 7.657 2 8.893 1
30_N2_58_N3  0 5.091 1
30_N2_58_O4  0 6.936 1
31_N1_56_N4  0 3.925 1
31_N6_56_N4  0 5.578 1
31_N1_56_O2  0 8.009 1
31_O2'_56_N4  1 6.986 0
31_N1_57_O2  0 4.395 1 6.334 2
31_N1_57_N4  1 4.258 2 5.803 0
31_N6_57_N4  1 5.388 2 6.907 0
31_N6_57_O2  0 6.172 1
31_O2'_57_O2  0 6.911 1
32_O6_51_O2'  1 8.694 0
32_N2_56_N4  0 4.523 1
32_C4'_56_O2  1 5.604 3 5.957 2 6.478 0
34_C4'_43_O4  1 12.184 0
34_C4'_44_N4  1 9.112 2 12.048 0
34_N6_50_N6  1 5.116 0
35_C4'_43_O4  1 6.787 0 26.627 2
35_C4'_43_N3  1 7.547 0
35_O2'_43_O4  2 8.982 0 21.013 1 27.982 3
35_C4'_44_N4  1 5.856 2 8.456 0
35_N1_50_N6  1 3.801 0
36_N4_37_N6  0 5.557 1
36_N4_37_N1  0 7.203 1
36_O2_37_N1  0 7.093 1
36_N4_44_O2  1 11.101 0
36_N4_44_N4  1 9.316 0 17.950 2
36_C4'_44_N4  3 6.127 2 9.036 0 19.704 1
36_N4_48_N2  1 6.894 0
36_N4_49_O4  1 6.255 0
36_N4_49_N3  2 6.846 1 10.427 0
37_N1_39_N6  1 6.036 0
37_N1_39_N1  1 6.817 0
37_N6_44_O2  1 7.958 0
37_N6_44_N4  2 8.050 0 18.262 1
37_N1_44_O2  2 10.131 0 18.715 1
37_N6_46_O4  1 5.776 0
37_N1_46_O4  1 6.970 0
37_N6_47_O6  1 3.353 0
37_N1_47_O6  1 4.178 0
37_N1_47_N2  1 4.531 0
37_N6_47_N2  0 7.611 1
37_N6_48_O6  0 3.726 1
37_N1_48_O6  0 4.596 1
37_N6_48_N2  1 4.074 0
38_N4_39_N6  0 5.462 1
38_O2'_39_C4'  0 5.610 1
38_N4_39_N1  0 6.979 1
38_O2_39_N6  1 4.093 0
38_O2_39_N1  1 5.341 0
38_O2_39_C4'  0 7.251 1
38_O2'_39_N6  1 6.798 0
38_O2_40_N4  2 3.892 1 6.393 0
38_O2'_40_N4  2 4.146 1 7.302 0
38_O2'_41_O6  3 4.816 1 9.976 0 15.261 2
38_N4_44_O2  2 5.189 0 14.135 1
38_N4_44_N4  0 14.823 2 16.963 1
38_O2_44_O2  2 8.820 0 17.782 1
38_O2_45_O6  1 7.430 0 11.438 2
38_N4_46_O4  0 5.857 1
38_O2_46_O4  1 6.418 0
38_O2_47_N2  0 4.166 1
38_N4_47_O6  0 4.158 1
38_N4_47_N2  0 6.963 1
38_O2_48_N2  0 5.293 1
38_N4_48_O6  0 6.422 1 8.138 2
38_O2_48_O6  0 6.593 2 7.440 1
38_O2'_48_N2  0 8.087 1
38_O2'_49_O4  0 10.269 1
38_O2_49_O4  0 8.774 1
39_N6_45_O6  1 4.213 0
39_N1_45_O6  1 4.614 0
39_N1_47_N2  0 5.808 1
39_N6_47_N2  0 6.304 1
39_O2'_47_N2  0 7.565 1
39_C4'_47_N2  0 7.915 1
40_N4_41_O6  0 5.811 1
40_N4_41_N2  0 9.836 1
40_O2'_42_N1  2 6.085 0 11.280 1
40_O2'_42_O2'  0 7.827 1 10.777 2
40_N4_44_N4  0 6.975 3 10.235 2 14.537 1
40_N4_45_O6  0 4.139 1
40_O2_45_O6  1 4.278 0
40_O2'_45_N2  1 4.369 0
40_N4_45_N2  0 6.524 1
40_N4_46_N3  0 8.261 1
41_O6_42_N1  0 6.297 1
41_O6_42_N6  0 6.240 1
41_O2'_42_C4'  1 5.064 0
41_O6_42_O2'  0 7.696 1 12.348 2
41_O2'_42_N1  0 7.353 2 8.147 1
41_C4'_42_C4'  1 5.015 0
41_C4'_42_N1  2 5.293 0 8.490 1
41_C4'_42_O2'  0 6.167 1 8.243 2
41_C4'_42_N6  1 6.000 0
41_O2'_42_O2'  0 9.477 1
41_O6_43_O4  0 9.592 2 14.845 1
41_N2_43_O2'  2 5.646 1 8.109 0
41_N2_43_N3  0 12.818 1
41_N2_43_O4  2 3.930 0 14.784 1
41_O6_43_N3  0 8.137 2 10.564 3 13.405 1
41_O2'_43_N3  3 6.114 2 9.132 0 17.833 1
41_N2_43_C4'  2 4.616 1 7.705 0
41_C4'_43_O4  3 6.275 0 16.120 2 20.589 1
41_O2'_43_O4  2 6.936 0 19.044 1
41_N2_44_O2  1 6.443 0
41_O6_44_N4  1 9.250 0
41_O6_44_O2  0 6.851 2 10.485 1
41_N2_44_N4  0 6.617 3 8.048 2 12.176 1
41_N2_44_O2'  2 4.365 0 8.080 1
41_N2_45_O6  0 5.445 1
42_N6_43_N3  0 12.053 1
42_N1_43_O4  0 6.354 2 12.556 1
42_N1_43_N3  2 3.845 0 11.563 1
42_N6_43_O4  2 4.191 0 9.029 3 13.717 1
42_N6_43_O2'  3 3.949 1 7.463 0 11.072 2
42_O2'_43_O4  2 7.828 0 16.573 1
42_N6_43_C4'  0 11.173 1
42_O2'_43_N3  0 10.431 2 15.356 1
42_C4'_43_O4  2 6.182 0 19.018 1
42_N1_43_O2'  0 8.943 2 11.921 1
42_N1_43_C4'  3 6.999 2 9.382 0 12.446 1
42_N6_44_N4  0 9.393 1
42_N1_44_O2  0 7.823 2 13.987 1
42_N6_44_O2  0 8.140 2 12.780 1
42_N1_44_N4  0 10.172 1
42_N6_44_C4'  1 5.204 0
42_N6_44_O2'  0 13.297 1
42_N1_44_O2'  0 12.501 1
42_O2'_44_N4  0 13.809 1
42_N6_45_O2'  1 6.350 0
42_N1_45_N2  1 5.294 0
42_N6_45_N2  2 4.853 0 10.429 1
42_N6_45_C4'  2 4.668 1 6.954 0
42_N1_45_O2'  1 6.538 0
42_N1_46_O2'  1 6.868 0
42_N1_46_C4'  1 6.101 0
42_N6_46_C4'  1 6.731 2 10.106 0
43_O2'_44_C4'  0 5.774 1
43_O4_44_N4  0 7.213 1
43_N3_44_N4  0 7.983 1
43_O2'_44_O2  2 4.876 4 5.555 1 7.179 3 8.652 0
43_N3_44_O2  2 5.279 0 9.643 1 13.690 3
43_O4_44_O2  2 4.499 0 10.442 1
43_O2'_44_N4  1 6.848 0 9.951 2
43_N3_44_C4'  1 7.484 0 9.754 2
43_O2'_44_O2'  0 8.678 1
43_C4'_45_C4'  2 5.602 3 7.720 1 10.447 0
43_O2'_45_C4'  3 4.582 2 6.703 0 9.832 1
43_N3_45_O2'  2 7.111 0 15.733 1
43_N3_45_C4'  2 6.912 0 13.762 1
43_O4_45_O2'  3 8.036 0 13.137 1 17.470 2
43_O4_45_N2  2 7.850 0 14.593 1
43_O4_45_O6  0 12.875 1
43_N3_45_N2  2 8.621 0 13.657 1
43_C4'_45_O2'  2 8.562 1 11.640 0
43_N3_45_O6  0 11.419 1
44_N4_45_O6  0 9.190 2 12.300 1
44_O2'_45_C4'  1 5.154 0 6.814 2
44_O2_45_O6  0 9.244 1
44_O2'_45_O6  1 6.922 0
44_O2_45_C4'  0 7.893 3 8.713 1 10.408 2
44_O2'_46_O4  2 4.474 1 8.346 0
44_O2'_48_O6  2 8.610 1 12.657 0
45_O2'_46_O4  1 6.271 0
46_O4_47_O6  0 5.091 1
47_N2_48_O6  0 6.099 1
47_O6_48_N2  1 5.238 0
47_N2_48_O2'  1 6.168 0 8.209 2
47_N2_49_O4  0 7.855 1
47_N2_49_N3  1 5.624 0
48_N2_49_O4  0 6.032 1
48_N2_49_N3  0 6.130 1
48_O6_49_N3  1 6.505 0
48_N2_49_O2'  0 7.773 1
48_O6_49_O4  1 6.241 0
48_O2'_49_O2'  0 6.969 1
48_O6_50_O2'  0 8.517 1
48_O2'_50_C4'  2 6.106 0 9.830 1
48_O2'_50_O2'  2 6.034 0 11.666 1
49_O2'_50_N1  0 6.681 1 9.371 2
49_N3_50_O2'  1 6.373 0
49_O2'_51_N4  2 5.986 1 9.553 0
49_C4'_51_N4  1 6.556 0
50_C4'_51_C4'  0 5.998 1
50_C4'_51_O2'  0 8.295 1
50_O2'_52_N6  1 5.340 0
50_C4'_52_O2'  0 7.802 1
51_O2'_52_C4'  1 5.635 0
51_C4'_53_O4  1 6.151 0
54_O2'_56_N4  0 6.027 1
55_C4'_57_N4  0 6.102 2 7.780 1
56_N4_57_N4  0 4.400 1
56_N4_57_O2  0 5.526 1
57_N4_58_O4  0 5.126 2 6.675 1
57_O2_58_O4  1 5.136 0
57_O2_58_N3  0 5.422 1
57_N4_58_N3  2 3.892 1 6.228 0
57_O2_58_C4'  1 6.183 0
57_O2'_58_N3  0 6.534 1
58_O4_59_O6  0 5.721 1
58_N3_59_O6  0 5.672 1
58_N3_60_N4  1 5.447 0
58_O2'_60_N4  1 6.957 0
59_O6_60_N4  0 4.929 1
59_N2_60_O2  0 5.257 1
59_O6_60_O2  1 4.186 0
59_N2_60_N4  0 7.556 1
59_O6_60_O2'  1 6.768 0
60_O2'_61_C4'  0 6.151 1
60_N4_61_N4  0 5.100 1
60_O2_61_C4'  0 6.371 1
60_N4_61_O2  0 8.258 1
60_N4_61_O2'  2 6.855 0 10.523 1
gamma_1  1 -16.826 0
chi_1  0 -19.578 1
epsilon_1  0 -94.130 1
zeta_1  0 141.951 2 245.645 1
delta_2  0 125.174 1
epsilon_2  0 228.674 1
zeta_2  0 140.981 2 227.316 1
delta_4  1 78.400 0
epsilon_5  1 192.753 0
alpha_6  1 144.423 0
gamma_6  0 113.937 1
delta_6  1 92.882 0
epsilon_6  1 -146.757 0
zeta_6  1 201.115 0
beta_7  1 141.641 0
chi_7  0 214.911 1
epsilon_7  1 198.481 0
zeta_7  0 103.454 1
epsilon_8  1 176.431 0
zeta_8  0 -3.093 1
alpha_9  1 248.972 0
delta_11  0 102.501 1
zeta_11  1 247.505 0
alpha_12  1 110.768 0
epsilon_12  1 187.350 0
zeta_12  1 105.959 2 208.377 0
alpha_13  1 201.144 0
beta_13  0 195.213 1
gamma_13  1 -3.386 0
delta_13  0 107.679 1
chi_13  1 118.928 0
gamma_14  0 119.034 2 231.550 1
delta_14  0 105.068 1
chi_14  2 143.954 0 242.475 1
epsilon_14  3 104.992 0 188.109 2 224.191 1
zeta_14  2 123.187 0 238.115 1
alpha_15  0 132.715 1 233.450 2
gamma_15  1 -5.642 0
delta_15  0 114.219 1
chi_15  0 225.805 1
zeta_15  1 222.504 0
alpha_18  1 214.667 0
gamma_18  0 119.444 1
epsilon_18  1 158.595 0
zeta_18  0 12.715 1
alpha_19  1 249.756 0
chi_20  0 -133.747 1
alpha_21  1 240.468 0
gamma_21  0 136.693 1
chi_21  1 185.236 0
epsilon_21  1 169.590 0
chi_22  0 234.639 1
chi_26  1 120.653 0
zeta_26  2 120.282 1 236.637 0
alpha_27  0 6.068 1
epsilon_27  1 176.453 0
zeta_27  0 -17.622 1
alpha_28  1 -106.954 0
chi_28  1 203.451 0
zeta_28  1 -136.337 0
gamma_31  0 62.406 1
beta_33  1 119.291 0
gamma_33  0 124.784 1
alpha_34  1 216.194 0
beta_34  0 188.064 1
gamma_34  0 131.833 1
chi_35  1 201.304 0
delta_38  0 102.388 1
chi_38  0 221.029 1
epsilon_38  0 250.496 1
zeta_38  1 223.621 0
zeta_40  0 -3.877 1
delta_41  0 110.020 1
epsilon_41  0 237.866 1
zeta_41  1 2.307 0
alpha_42  0 172.400 1 275.507 2
beta_42  1 183.681 0
gamma_42  1 1.232 0
delta_42  0 110.990 1 139.929 2
chi_42  1 114.506 0
gamma_43  1 -10.625 0 120.206 2
delta_43  0 106.532 1
chi_43  1 137.795 0
epsilon_43  0 -107.543 1
zeta_43  2 124.647 1 230.203 0
alpha_44  1 129.067 0
gamma_44  1 -6.327 0
delta_44  0 117.988 1
chi_44  0 240.696 1
zeta_44  2 114.539 0 240.312 1
delta_45  0 124.904 1
chi_45  0 236.108 1
delta_46  0 112.972 1
epsilon_46  0 207.528 1
delta_48  0 112.661 1
chi_48  0 249.586 1
epsilon_48  0 260.769 1
alpha_49  2 152.993 0 276.223 1
delta_49  1 96.323 0
epsilon_49  1 -137.573 0 -16.400 2
zeta_49  1 203.854 0
alpha_50  1 134.764 2 229.465 0
gamma_50  2 -123.191 0 -14.812 1
chi_50  1 -1.805 0
epsilon_50  1 228.722 0
zeta_50  0 126.672 1
delta_51  1 108.616 0
epsilon_51  2 174.369 0 233.983 1
zeta_51  0 120.092 2 211.745 1
alpha_52  0 275.349 1
epsilon_52  1 166.424 0
zeta_52  0 8.272 1
alpha_53  1 -104.483 0
chi_54  1 -127.626 0
epsilon_55  0 189.588 1
zeta_55  1 -16.215 0
alpha_56  0 247.775 1
epsilon_56  1 176.862 0
zeta_56  0 4.061 1
alpha_57  1 249.591 0
chi_57  1 198.325 2 209.105 0
zeta_57  0 1.382 1
chi_59  0 243.141 1
epsilon_59  1 173.488 0
zeta_59  0 -7.705 1
alpha_60  1 251.236 0
delta_60  0 116.320 1
chi_60  0 245.729 1
zeta_60  0 0.702 1
alpha_61  1 200.205 0
delta_61  0 105.970 1
